no check of insertion of class
Import departments
Import majors
Import users
Import semesters
Import courses
Import sections
Import classes
Import major courses
Import time usage: 3.01s
Test search course 1: 574
Test search course 1 time: 3.69s
Test enroll course 1: 999
Test enroll course 1 time: 0.75s
Test drop enrolled course 1: 797
Test drop enrolled course 1 time: 0.24s
Import student courses
Import student courses time: 38.65s
Test drop course: 88423
Test drop course time: 3.99s
Test course table 2: 773
Test course table 2 time: 0.17s
Test search course 2: 567
Test search course 2 time: 3.15s
Test enroll course 2: 746
Test enroll course 2 time: 0.75s


has check of the insertion of class:

Import departments
Import majors
Import users
Import semesters
Import courses
Import sections
Import classes
Import major courses
Import time usage: 2.87s
Test search course 1: 541
Test search course 1 time: 2.32s
Test enroll course 1: 997
Test enroll course 1 time: 0.72s
Test drop enrolled course 1: 797
Test drop enrolled course 1 time: 0.22s
Import student courses
Import student courses time: 36.96s
Test drop course: 88423
Test drop course time: 3.99s
Test course table 2: 773
Test course table 2 time: 0.16s
Test search course 2: 554
Test search course 2 time: 2.20s
Test enroll course 2: 744
Test enroll course 2 time: 0.75s


[11718322, 141]
[11711459, 167]
[11717344, 63]
[11711598, 49]
[11716319, 42]
[11719199, 69]
[11716101, 190]
[11717144, 53]
[11716161, 98]
[11715415, 139]
[11718695, 62]
[11710268, 162]
[11711768, 147]
[11714678, 133]
[11713260, 148]
[11718311, 17]
[11719032, 101]
[11711015, 104]
[11716278, 132]
[11717886, 136]
[11715476, 154]
[11719741, 16]
[11714020, 44]
[11713479, 194]
[11710413, 49]
[11716769, 180]
[11716662, 132]
[11717387, 174]
[11711460, 153]
[11719550, 53]
[11718425, 166]
[11716375, 101]
[11717603, 163]
[11713439, 186]
[11717500, 138]
[11713647, 154]
[11710408, 16]
[11710281, 116]
[11711019, 51]
[11711543, 86]
[11718388, 187]
[11712094, 138]
[11712280, 104]
[11718577, 143]
[11714829, 158]
[11711255, 120]
[11718832, 87]
[11714444, 98]
[11712930, 189]
[11719098, 190]
[11718010, 154]
[11710756, 191]
[11713533, 86]
[11717485, 39]
[11710453, 148]
[11717762, 101]
[11710548, 183]
[11712542, 167]
[11715984, 91]
[11714311, 36]
[11718766, 116]
[11719027, 149]
[11712390, 192]
[11717192, 133]
[11710315, 56]
[11711070, 57]
[11713735, 172]
[11717804, 192]
[11713226, 174]
[11715863, 172]
[11716605, 171]
[11713287, 132]
[11715165, 56]
[11719972, 88]
[11716141, 194]
[11718234, 166]
[11719939, 137]
[11717752, 152]
[11718549, 101]
[11719870, 196]
[11715138, 91]
[11719177, 154]
[11715705, 171]
[11711761, 181]
[11717237, 62]
[11714905, 141]
[11714725, 136]
[11717061, 158]
[11713954, 166]
[11710530, 78]
[11712221, 172]
[11718216, 185]
[11717148, 184]
[11712003, 138]
[11711722, 136]
[11718391, 16]
[11714909, 131]
[11711953, 171]
[11714147, 193]
[11719573, 53]
[11715699, 137]
[11712542, 149]
[11716761, 153]
[11713027, 90]
[11714703, 81]
[11718754, 163]
[11716763, 51]
[11711104, 186]
[11711028, 49]
[11716861, 84]
[11719626, 168]
[11717424, 192]
[11712708, 187]
[11718197, 49]
[11713865, 174]
[11717870, 122]
[11714879, 163]
[11718440, 86]
[11715335, 184]
[11712124, 87]
[11714702, 87]
[11714055, 87]
[11719537, 82]
[11712340, 190]
[11714843, 116]
[11712513, 152]
[11715598, 116]
[11711333, 141]
[11716160, 162]
[11719661, 32]
[11711981, 81]
[11710630, 185]
[11717502, 120]
[11711906, 118]
[11712166, 184]
[11710579, 154]
[11717060, 196]
[11716483, 44]
[11715943, 109]
[11713911, 120]
[11715607, 164]
[11715244, 138]
[11716330, 81]
[11718803, 168]
[11711142, 191]
[11710924, 16]
[11714106, 16]
[11714793, 139]
[11713619, 39]
[11717553, 182]
[11716476, 194]
[11713694, 188]
[11717064, 132]
[11714445, 164]
[11714308, 138]
[11715962, 190]
[11719817, 119]
[11710191, 42]
[11710378, 84]
[11713324, 39]
[11716233, 164]
[11712839, 104]
[11717664, 104]
[11711921, 196]
[11719708, 139]
[11716939, 53]
[11713483, 118]
[11718771, 26]
[11716641, 136]
[11713252, 183]
[11713234, 21]
[11713560, 113]
[11713790, 194]
[11714591, 78]
[11711238, 193]
[11719414, 192]
[11718564, 137]
[11714252, 191]
[11718699, 149]
[11715305, 149]
[11710805, 154]
[11716698, 101]
[11715635, 183]
[11713778, 21]
[11716716, 136]
[11712625, 138]
[11712806, 61]
[11718505, 152]
[11711479, 16]
[11713335, 16]
[11711480, 115]
[11713899, 87]
[11713436, 180]
[11714345, 164]
[11711229, 174]
[11710414, 61]
[11716378, 69]
[11717950, 154]
[11715278, 104]
[11714110, 102]
[11717284, 16]
[11712898, 139]
[11710970, 118]
[11716602, 187]
[11710914, 17]
[11714154, 44]
[11712187, 124]
[11710117, 158]
[11717391, 191]
[11717512, 149]
[11713072, 164]
[11716529, 114]
[11719052, 58]
[11716258, 166]
[11718468, 141]
[11714908, 181]
[11715801, 57]
[11715916, 143]
[11714092, 147]
[11718983, 196]
[11719696, 122]
[11716842, 183]
[11713574, 183]
[11716598, 42]
[11710607, 124]
[11719745, 149]
[11718262, 133]
[11711792, 39]
[11717202, 86]
[11710528, 49]
[11715307, 51]
[11711298, 136]
[11719327, 189]
[11715773, 164]
[11713412, 171]
[11715155, 147]
[11719518, 78]
[11712756, 98]
[11715027, 133]
[11714565, 132]
[11715206, 164]
[11710220, 152]
[11717288, 118]
[11713594, 139]
[11710320, 46]
[11714708, 190]
[11717794, 32]
[11718550, 49]
[11716723, 190]
[11719923, 163]
[11713220, 180]
[11710105, 122]
[11713364, 187]
[11711331, 147]


[11717512, 76]
[11719521, 7]
[11712032, 155]
[11711768, 147]
[11714414, 159]
[11711570, 169]
[11710380, 121]
[11711818, 105]
[11711460, 153]
[11710158, 60]
[11714077, 89]
[11714364, 176]
[11719779, 170]
[11710057, 176]
[11712930, 189]
[11710756, 191]
[11713533, 86]
[11714311, 36]
[11715118, 14]
[11716430, 74]
[11712191, 177]
[11714725, 136]
[11714909, 131]
[11718681, 28]
[11714382, 155]
[11717133, 105]
[11716761, 153]
[11715863, 130]
[11718754, 163]
[11719067, 23]
[11715335, 184]
[11712124, 87]
[11712340, 190]
[11712923, 20]
[11710579, 154]
[11719694, 23]
[11715244, 138]
[11713499, 20]
[11711096, 170]
[11719337, 74]
[11711142, 191]
[11718318, 95]
[11717064, 132]
[11715900, 176]
[11717664, 104]
[11718408, 33]
[11710149, 60]
[11711613, 22]
[11713234, 21]
[11713560, 113]
[11718194, 121]
[11716251, 41]
[11714252, 191]
[11715635, 183]
[11713778, 21]
[11712431, 161]
[11714691, 130]
[11717337, 178]
[11715723, 33]
[11714110, 102]
[11717383, 160]
[11712287, 177]
[11712682, 111]
[11711085, 161]
[11717391, 191]
[11712787, 160]
[11716529, 114]
[11714426, 96]
[11719402, 111]
[11710507, 60]
[11719327, 189]
[11715155, 147]
[11719923, 163]